{
    "UITopOffset": 0.9945025,
    "UILeftOffset": 0.8640602,
    "UIBottomOffset": 0.7095385,
    "UIRightOffset": 0.9705057
}