{
    "UITopOffset": 0.973151,
    "UILeftOffset": 0.8936998,
    "UIBottomOffset": 0.8015481,
    "UIRightOffset": 0.905711
}