{
    "UITopOffset": 1.0,
    "UILeftOffset": 0.89017,
    "UIBottomOffset": 0.7168037,
    "UIRightOffset": 0.9726025
}